ECG Lead I Value,Lead Off,Pace Flag,R Flag
4,0,0,0
3,0,0,0
4,0,0,0
3,0,0,0
2,0,0,0
4,0,0,0
2,0,0,0
4,0,0,0
3,0,0,0
3,0,0,0
4,0,0,0
2,0,0,0
4,0,0,0
3,0,0,0
2,0,0,0
4,0,0,0
2,0,0,0
3,0,0,0
-2,128,64,32
-5,128,64,32
-3,128,64,32
-5,128,64,32
-4,128,64,32
-4,128,64,32
-7,128,64,32
-6,128,64,32
-4,128,64,32
-5,128,64,32
-3,128,64,32
3,0,0,0
4,0,0,0
3,0,0,0
3,0,0,0
4,0,0,0
2,0,0,0
4,0,0,0
2,0,0,0
0,0,0,0
-12,128,64,32
-41,128,64,32
-71,128,64,32
-93,128,64,32
-70,128,64,32
-14,128,64,32
30,0,0,0
47,0,0,0
36,0,0,0
21,0,0,0
11,0,0,0
3,0,0,0
3,0,0,0
3,0,0,0
3,0,0,0
3,0,0,0
-5,128,64,32
-4,128,64,32
-4,128,64,32
-4,128,64,32
-4,128,64,32
-4,128,64,32
-5,128,64,32
-4,128,64,32
-10,128,64,32
-11,128,64,32
-12,128,64,32
-12,128,64,32
-12,128,64,32
-15,128,64,32
-19,128,64,32
-19,128,64,32
-19,128,64,32
-18,128,64,32
-12,128,64,32
-11,128,64,32
-10,128,64,32
-6,128,64,32
-3,128,64,32
-2,128,64,32
5,0,0,0
5,0,0,0
5,0,0,0
4,0,0,0
3,0,0,0
4,0,0,0
4,0,0,0
3,0,0,0
3,0,0,0
3,0,0,0
4,0,0,0
4,0,0,0
3,0,0,0
3,0,0,0
3,0,0,0
4,0,0,0
4,0,0,0
3,0,0,0
4,0,0,0
3,0,0,0
4,0,0,0
4,0,0,0
3,0,0,0
3,0,0,0
3,0,0,0
4,0,0,0
3,0,0,0
4,0,0,0
4,0,0,0
3,0,0,0
4,0,0,0
4,0,0,0
2,0,0,0
3,0,0,0
3,0,0,0
3,0,0,0
4,0,0,0
3,0,0,0
3,0,0,0
3,0,0,0
3,0,0,0
4,0,0,0
3,0,0,0
3,0,0,0
2,0,0,0
3,0,0,0
4,0,0,0
4,0,0,0
3,0,0,0
3,0,0,0
2,0,0,0
4,0,0,0
3,0,0,0
3,0,0,0
3,0,0,0
2,0,0,0
4,0,0,0
3,0,0,0
3,0,0,0
2,0,0,0
2,0,0,0
4,0,0,0
3,0,0,0
3,0,0,0
2,0,0,0
-4,128,64,32
-3,128,64,32
-4,128,64,32
-4,128,64,32
-5,128,64,32
-4,128,64,32
-9,128,64,32
-5,128,64,32
-5,128,64,32
-4,128,64,32
-1,128,64,32
4,0,0,0
3,0,0,0
4,0,0,0
3,0,0,0
4,0,0,0
4,0,0,0
3,0,0,0
3,0,0,0
-2,128,64,32
-22,128,64,32
-52,128,64,32
-82,128,64,32
-89,128,64,32
-50,128,64,32
6,0,0,0
40,0,0,0
44,0,0,0
30,0,0,0
15,0,0,0
7,0,0,0
3,0,0,0
3,0,0,0
4,0,0,0
3,0,0,0
-1,128,64,32
-4,128,64,32
-5,128,64,32
-4,128,64,32
-5,128,64,32
-4,128,64,32
-4,128,64,32
-4,128,64,32
-5,128,64,32
-12,128,64,32
-12,128,64,32
-11,128,64,32
-12,128,64,32
-12,128,64,32
-18,128,64,32
-19,128,64,32
-18,128,64,32
-19,128,64,32
-14,128,64,32
-11,128,64,32
-11,128,64,32
-10,128,64,32
-4,128,64,32
-3,128,64,32
0,0,0,0
4,0,0,0
5,0,0,0
4,0,0,0
5,0,0,0
3,0,0,0
4,0,0,0
4,0,0,0
4,0,0,0
5,0,0,0
4,0,0,0
4,0,0,0
5,0,0,0
4,0,0,0
4,0,0,0
4,0,0,0
3,0,0,0
3,0,0,0
3,0,0,0
4,0,0,0
3,0,0,0
3,0,0,0
4,0,0,0
3,0,0,0
3,0,0,0
3,0,0,0
3,0,0,0
4,0,0,0
3,0,0,0
4,0,0,0
3,0,0,0
3,0,0,0
4,0,0,0
3,0,0,0
4,0,0,0
4,0,0,0
3,0,0,0
3,0,0,0
3,0,0,0
3,0,0,0
3,0,0,0
3,0,0,0
2,0,0,0
3,0,0,0
3,0,0,0
3,0,0,0
3,0,0,0
2,0,0,0
3,0,0,0
3,0,0,0
3,0,0,0
3,0,0,0
3,0,0,0
3,0,0,0
4,0,0,0
3,0,0,0
3,0,0,0
2,0,0,0
3,0,0,0
3,0,0,0
3,0,0,0
3,0,0,0
3,0,0,0
3,0,0,0
3,0,0,0
0,0,0,0
-5,128,64,32
-5,128,64,32
-4,128,64,32
-4,128,64,32
-5,128,64,32
-5,128,64,32
-10,128,64,32
-6,128,64,32
-4,128,64,32
-4,128,64,32
1,0,0,0
2,0,0,0
2,0,0,0
3,0,0,0
3,0,0,0
3,0,0,0
3,0,0,0
2,0,0,0
3,0,0,0
-7,128,64,32
-33,128,64,32
-63,128,64,32
-91,128,64,32
-78,128,64,32
-29,128,64,32
21,0,0,0
46,0,0,0
40,0,0,0
24,0,0,0
12,0,0,0
4,0,0,0
4,0,0,0
4,0,0,0
3,0,0,0
3,0,0,0
-3,128,64,32
-5,128,64,32
-4,128,64,32
-5,128,64,32
-4,128,64,32
-4,128,64,32
-5,128,64,32
-4,128,64,32
-7,128,64,32
-12,128,64,32
-12,128,64,32
-12,128,64,32
-11,128,64,32
-12,128,64,32
-18,128,64,32
-19,128,64,32
-19,128,64,32
-18,128,64,32
-12,128,64,32
-11,128,64,32
-11,128,64,32
-8,128,64,32
-3,128,64,32
-4,128,64,32
4,0,0,0
4,0,0,0
4,0,0,0
4,0,0,0
4,0,0,0
4,0,0,0
4,0,0,0
4,0,0,0
5,0,0,0
4,0,0,0
5,0,0,0
4,0,0,0
4,0,0,0
4,0,0,0
3,0,0,0
5,0,0,0
4,0,0,0
4,0,0,0
5,0,0,0
4,0,0,0
4,0,0,0
5,0,0,0
4,0,0,0
4,0,0,0
3,0,0,0
3,0,0,0
3,0,0,0
3,0,0,0
4,0,0,0
3,0,0,0
3,0,0,0
3,0,0,0
3,0,0,0
4,0,0,0
3,0,0,0
3,0,0,0
3,0,0,0
3,0,0,0
3,0,0,0
3,0,0,0
3,0,0,0
3,0,0,0
3,0,0,0
4,0,0,0
4,0,0,0
3,0,0,0
3,0,0,0
3,0,0,0
3,0,0,0
4,0,0,0
3,0,0,0
4,0,0,0
3,0,0,0
3,0,0,0
4,0,0,0
3,0,0,0
3,0,0,0
3,0,0,0
3,0,0,0
4,0,0,0
3,0,0,0
4,0,0,0
3,0,0,0
3,0,0,0
4,0,0,0
-3,128,64,32
-4,128,64,32
-5,128,64,32
-4,128,64,32
-3,128,64,32
-5,128,64,32
-7,128,64,32
-7,128,64,32
-4,128,64,32
-4,128,64,32
-3,128,64,32
4,0,0,0
3,0,0,0
2,0,0,0
4,0,0,0
3,0,0,0
3,0,0,0
3,0,0,0
3,0,0,0
1,0,0,0
-13,128,64,32
-44,128,64,32
-74,128,64,32
-93,128,64,32
-64,128,64,32
-9,128,64,32
34,0,0,0
48,0,0,0
36,0,0,0
19,0,0,0
9,0,0,0
3,0,0,0
3,0,0,0
3,0,0,0
3,0,0,0
1,0,0,0
-4,128,64,32
-5,128,64,32
-3,128,64,32
-5,128,64,32
-5,128,64,32
-4,128,64,32
-4,128,64,32
-4,128,64,32
-10,128,64,32
-12,128,64,32
-12,128,64,32
-11,128,64,32
-11,128,64,32
-15,128,64,32
-19,128,64,32
-18,128,64,32
-18,128,64,32
-16,128,64,32
-11,128,64,32
-11,128,64,32
-11,128,64,32
-5,128,64,32
-3,128,64,32
-2,128,64,32
3,0,0,0
5,0,0,0
4,0,0,0
4,0,0,0
3,0,0,0
3,0,0,0
4,0,0,0
4,0,0,0
4,0,0,0
4,0,0,0
4,0,0,0
5,0,0,0
4,0,0,0
4,0,0,0
5,0,0,0
4,0,0,0
5,0,0,0
4,0,0,0
4,0,0,0
4,0,0,0
4,0,0,0
5,0,0,0
5,0,0,0
5,0,0,0
4,0,0,0
3,0,0,0
5,0,0,0
4,0,0,0
3,0,0,0
3,0,0,0
3,0,0,0
4,0,0,0
3,0,0,0
3,0,0,0
3,0,0,0
3,0,0,0
3,0,0,0
3,0,0,0
3,0,0,0
3,0,0,0
2,0,0,0
3,0,0,0
4,0,0,0
3,0,0,0
3,0,0,0
4,0,0,0
3,0,0,0
3,0,0,0
4,0,0,0
3,0,0,0
3,0,0,0
4,0,0,0
3,0,0,0
3,0,0,0
3,0,0,0
4,0,0,0
4,0,0,0
3,0,0,0
4,0,0,0
3,0,0,0
3,0,0,0
4,0,0,0
3,0,0,0
4,0,0,0
1,0,0,0
-5,128,64,32
-4,128,64,32
-5,128,64,32
-4,128,64,32
-5,128,64,32
-4,128,64,32
-9,128,64,32
-5,128,64,32
-4,128,64,32
-5,128,64,32
-2,128,64,32
3,0,0,0
4,0,0,0
3,0,0,0
3,0,0,0
4,0,0,0
3,0,0,0
3,0,0,0
3,0,0,0
-2,128,64,32
-24,128,64,32
-54,128,64,32
-84,128,64,32
-88,128,64,32
-47,128,64,32
8,0,0,0
42,0,0,0
45,0,0,0
30,0,0,0
16,0,0,0
7,0,0,0
3,0,0,0
3,0,0,0
4,0,0,0
3,0,0,0
-1,128,64,32
-5,128,64,32
-4,128,64,32
-5,128,64,32
-4,128,64,32
-5,128,64,32
-5,128,64,32
-4,128,64,32
-5,128,64,32
-12,128,64,32
-11,128,64,32
-11,128,64,32
-12,128,64,32
-11,128,64,32
-17,128,64,32
-19,128,64,32
-18,128,64,32
-19,128,64,32
-14,128,64,32
-11,128,64,32
-11,128,64,32
-9,128,64,32
-4,128,64,32
-3,128,64,32
1,0,0,0
5,0,0,0
4,0,0,0
5,0,0,0
4,0,0,0
4,0,0,0
4,0,0,0
3,0,0,0
4,0,0,0
4,0,0,0
5,0,0,0
5,0,0,0
4,0,0,0
4,0,0,0
4,0,0,0
4,0,0,0
5,0,0,0
4,0,0,0
4,0,0,0
4,0,0,0
4,0,0,0
4,0,0,0
4,0,0,0
4,0,0,0
5,0,0,0
4,0,0,0
4,0,0,0
4,0,0,0
4,0,0,0
4,0,0,0
4,0,0,0
4,0,0,0
3,0,0,0
4,0,0,0
4,0,0,0
3,0,0,0
4,0,0,0
3,0,0,0
3,0,0,0
3,0,0,0
3,0,0,0
3,0,0,0
3,0,0,0
3,0,0,0
4,0,0,0
4,0,0,0
3,0,0,0
3,0,0,0
3,0,0,0
3,0,0,0
3,0,0,0
3,0,0,0
2,0,0,0
3,0,0,0
4,0,0,0
3,0,0,0
3,0,0,0
3,0,0,0
3,0,0,0
4,0,0,0
3,0,0,0
3,0,0,0
2,0,0,0
3,0,0,0
3,0,0,0
-1,128,64,32
-4,128,64,32
-4,128,64,32
-5,128,64,32
-4,128,64,32
-5,128,64,32
-5,128,64,32
-9,128,64,32
-5,128,64,32
-4,128,64,32
-4,128,64,32
1,0,0,0
4,0,0,0
3,0,0,0
3,0,0,0
3,0,0,0
3,0,0,0
4,0,0,0
3,0,0,0
3,0,0,0
-8,128,64,32
-34,128,64,32
-64,128,64,32
-91,128,64,32
-77,128,64,32
-27,128,64,32
22,0,0,0
46,0,0,0
40,0,0,0
24,0,0,0
13,0,0,0
6,0,0,0
3,0,0,0
3,0,0,0
4,0,0,0
3,0,0,0
-3,128,64,32
-4,128,64,32
-4,128,64,32
-4,128,64,32
-4,128,64,32
-5,128,64,32
-5,128,64,32
-3,128,64,32
-6,128,64,32
-10,128,64,32
-11,128,64,32
-11,128,64,32
-11,128,64,32
-12,128,64,32
-18,128,64,32
-19,128,64,32
-19,128,64,32
-18,128,64,32
-11,128,64,32
-10,128,64,32
-11,128,64,32
-8,128,64,32
-3,128,64,32
-3,128,64,32
4,0,0,0
4,0,0,0
4,0,0,0
5,0,0,0
3,0,0,0
4,0,0,0
4,0,0,0
5,0,0,0
5,0,0,0
3,0,0,0
4,0,0,0
4,0,0,0
4,0,0,0
5,0,0,0
4,0,0,0
4,0,0,0
5,0,0,0
4,0,0,0
4,0,0,0
4,0,0,0
5,0,0,0
4,0,0,0
4,0,0,0
4,0,0,0
4,0,0,0
3,0,0,0
4,0,0,0
4,0,0,0
4,0,0,0
4,0,0,0
4,0,0,0
4,0,0,0
4,0,0,0
5,0,0,0
3,0,0,0
3,0,0,0
3,0,0,0
3,0,0,0
4,0,0,0
3,0,0,0
3,0,0,0
4,0,0,0
3,0,0,0
3,0,0,0
4,0,0,0
3,0,0,0
3,0,0,0
3,0,0,0
4,0,0,0
4,0,0,0
3,0,0,0
3,0,0,0
3,0,0,0
3,0,0,0
3,0,0,0
3,0,0,0
3,0,0,0
3,0,0,0
4,0,0,0
3,0,0,0
3,0,0,0
3,0,0,0
3,0,0,0
3,0,0,0
2,0,0,0
-5,128,64,32
-4,128,64,32
-4,128,64,32
-4,128,64,32
-4,128,64,32
-5,128,64,32
-7,128,64,32
-6,128,64,32
-5,128,64,32
-4,128,64,32
-3,128,64,32
3,0,0,0
3,0,0,0
3,0,0,0
2,0,0,0
3,0,0,0
3,0,0,0
3,0,0,0
3,0,0,0
-1,128,64,32
-14,128,64,32
-44,128,64,32
-74,128,64,32
-91,128,64,32
-63,128,64,32
-8,128,64,32
34,0,0,0
47,0,0,0
35,0,0,0
20,0,0,0
11,0,0,0
5,0,0,0
4,0,0,0
5,0,0,0
3,0,0,0
3,0,0,0
-4,128,64,32
-4,128,64,32
-4,128,64,32
-4,128,64,32
-3,128,64,32
-3,128,64,32
-4,128,64,32
-4,128,64,32
-10,128,64,32
-11,128,64,32
-11,128,64,32
-11,128,64,32
-11,128,64,32
-16,128,64,32
-19,128,64,32
-18,128,64,32
-19,128,64,32
-17,128,64,32
-11,128,64,32
-11,128,64,32
-11,128,64,32
-5,128,64,32
-3,128,64,32
-2,128,64,32
3,0,0,0
5,0,0,0
4,0,0,0
4,0,0,0
4,0,0,0
4,0,0,0
5,0,0,0
4,0,0,0
4,0,0,0
4,0,0,0
4,0,0,0
5,0,0,0
4,0,0,0
4,0,0,0
4,0,0,0
4,0,0,0
5,0,0,0
4,0,0,0
4,0,0,0
4,0,0,0
4,0,0,0
5,0,0,0
4,0,0,0
4,0,0,0
4,0,0,0
4,0,0,0
4,0,0,0
4,0,0,0
4,0,0,0
4,0,0,0
3,0,0,0
5,0,0,0
4,0,0,0
4,0,0,0
4,0,0,0
3,0,0,0
4,0,0,0
4,0,0,0
4,0,0,0
3,0,0,0
3,0,0,0
4,0,0,0
2,0,0,0
3,0,0,0
2,0,0,0
2,0,0,0
3,0,0,0
4,0,0,0
4,0,0,0
3,0,0,0
2,0,0,0
3,0,0,0
3,0,0,0
3,0,0,0
3,0,0,0
2,0,0,0
4,0,0,0
3,0,0,0
3,0,0,0
3,0,0,0
2,0,0,0
4,0,0,0
3,0,0,0
3,0,0,0
1,0,0,0
-4,128,64,32
-3,128,64,32
-5,128,64,32
-4,128,64,32
-5,128,64,32
-4,128,64,32
-10,128,64,32
-5,128,64,32
-4,128,64,32
-5,128,64,32
-2,128,64,32
3,0,0,0
3,0,0,0
3,0,0,0
3,0,0,0
3,0,0,0
4,0,0,0
3,0,0,0
4,0,0,0
-3,128,64,32
-24,128,64,32
-54,128,64,32
-83,128,64,32
-87,128,64,32
-45,128,64,32
9,0,0,0
42,0,0,0
45,0,0,0
30,0,0,0
16,0,0,0
8,0,0,0
4,0,0,0
4,0,0,0
5,0,0,0
4,0,0,0
-1,128,64,32
-3,128,64,32
-4,128,64,32
-4,128,64,32
-4,128,64,32
-3,128,64,32
-4,128,64,32
-4,128,64,32
-4,128,64,32
-11,128,64,32
-11,128,64,32
-11,128,64,32
-11,128,64,32
-11,128,64,32
-17,128,64,32
-19,128,64,32
-18,128,64,32
-18,128,64,32
-13,128,64,32
-11,128,64,32
-11,128,64,32
-10,128,64,32
-4,128,64,32
-4,128,64,32
1,0,0,0
4,0,0,0
3,0,0,0
4,0,0,0
5,0,0,0
4,0,0,0
5,0,0,0
3,0,0,0
4,0,0,0
4,0,0,0
4,0,0,0
4,0,0,0
3,0,0,0
4,0,0,0
4,0,0,0
4,0,0,0
4,0,0,0
4,0,0,0
4,0,0,0
5,0,0,0
4,0,0,0
4,0,0,0
4,0,0,0
3,0,0,0
4,0,0,0
4,0,0,0
4,0,0,0
4,0,0,0
4,0,0,0
4,0,0,0
4,0,0,0
4,0,0,0
4,0,0,0
4,0,0,0
4,0,0,0
4,0,0,0
4,0,0,0
4,0,0,0
3,0,0,0
5,0,0,0
4,0,0,0
4,0,0,0
4,0,0,0
2,0,0,0
4,0,0,0
3,0,0,0
3,0,0,0
3,0,0,0
3,0,0,0
3,0,0,0
3,0,0,0
3,0,0,0
3,0,0,0
3,0,0,0
3,0,0,0
3,0,0,0
3,0,0,0
3,0,0,0
4,0,0,0
4,0,0,0
3,0,0,0
3,0,0,0
3,0,0,0
3,0,0,0
3,0,0,0
-1,128,64,32
-5,128,64,32
-5,128,64,32
-4,128,64,32
-4,128,64,32
-5,128,64,32
-5,128,64,32
-10,128,64,32
-4,128,64,32
-4,128,64,32
-4,128,64,32
2,0,0,0
3,0,0,0
2,0,0,0
4,0,0,0
3,0,0,0
3,0,0,0
3,0,0,0
3,0,0,0
2,0,0,0
-8,128,64,32
-35,128,64,32
-65,128,64,32
-91,128,64,32
-76,128,64,32
-26,128,64,32
23,0,0,0
47,0,0,0
40,0,0,0
24,0,0,0
12,0,0,0
5,0,0,0
3,0,0,0
5,0,0,0
4,0,0,0
4,0,0,0
-3,128,64,32
-4,128,64,32
-3,128,64,32
-4,128,64,32
-3,128,64,32
-4,128,64,32
-3,128,64,32
-3,128,64,32
-7,128,64,32
-11,128,64,32
-12,128,64,32
-11,128,64,32
-11,128,64,32
-13,128,64,32
-19,128,64,32
-19,128,64,32
-18,128,64,32
-18,128,64,32
-12,128,64,32
-10,128,64,32
-11,128,64,32
-8,128,64,32
-4,128,64,32
-3,128,64,32
3,0,0,0
4,0,0,0
4,0,0,0
4,0,0,0
4,0,0,0
4,0,0,0
3,0,0,0
4,0,0,0
5,0,0,0
3,0,0,0
4,0,0,0
4,0,0,0
4,0,0,0
4,0,0,0
4,0,0,0
5,0,0,0
4,0,0,0
4,0,0,0
5,0,0,0
4,0,0,0
4,0,0,0
4,0,0,0
3,0,0,0
5,0,0,0
4,0,0,0
5,0,0,0
4,0,0,0
4,0,0,0
4,0,0,0
4,0,0,0
4,0,0,0
5,0,0,0
4,0,0,0
4,0,0,0
4,0,0,0
4,0,0,0
5,0,0,0
4,0,0,0
4,0,0,0
5,0,0,0
4,0,0,0
4,0,0,0
4,0,0,0
4,0,0,0
3,0,0,0
4,0,0,0
3,0,0,0
3,0,0,0
3,0,0,0
3,0,0,0
2,0,0,0
4,0,0,0
4,0,0,0
3,0,0,0
3,0,0,0
3,0,0,0
3,0,0,0
3,0,0,0
3,0,0,0
2,0,0,0
3,0,0,0
4,0,0,0
3,0,0,0
3,0,0,0
3,0,0,0
-4,128,64,32
-5,128,64,32
-4,128,64,32
-5,128,64,32
-4,128,64,32
-5,128,64,32
-7,128,64,32
-7,128,64,32
-5,128,64,32
-5,128,64,32
-3,128,64,32
4,0,0,0
3,0,0,0
3,0,0,0
3,0,0,0
3,0,0,0
3,0,0,0
3,0,0,0
3,0,0,0
-1,128,64,32
-15,128,64,32
-45,128,64,32
-75,128,64,32
-91,128,64,32
-62,128,64,32
-7,128,64,32
35,0,0,0
47,0,0,0
34,0,0,0
19,0,0,0
10,0,0,0
4,0,0,0
4,0,0,0
4,0,0,0
4,0,0,0
2,0,0,0
-4,128,64,32
-3,128,64,32
-3,128,64,32
-4,128,64,32
-3,128,64,32
-3,128,64,32
-4,128,64,32
-4,128,64,32
-10,128,64,32
-11,128,64,32
-11,128,64,32
-12,128,64,32
-11,128,64,32
-16,128,64,32
-18,128,64,32
-19,128,64,32
-19,128,64,32
-16,128,64,32
-11,128,64,32
-10,128,64,32
-11,128,64,32
-5,128,64,32
-3,128,64,32
-1,128,64,32
3,0,0,0
5,0,0,0
4,0,0,0
4,0,0,0
4,0,0,0
3,0,0,0
5,0,0,0
4,0,0,0
5,0,0,0
4,0,0,0
4,0,0,0
4,0,0,0
4,0,0,0
4,0,0,0
3,0,0,0
4,0,0,0
4,0,0,0
3,0,0,0
4,0,0,0
4,0,0,0
3,0,0,0
4,0,0,0
4,0,0,0
4,0,0,0
4,0,0,0
3,0,0,0
4,0,0,0
4,0,0,0
4,0,0,0
4,0,0,0
4,0,0,0
5,0,0,0
4,0,0,0
4,0,0,0
4,0,0,0
4,0,0,0
4,0,0,0
3,0,0,0
5,0,0,0
4,0,0,0
3,0,0,0
5,0,0,0
4,0,0,0
4,0,0,0
4,0,0,0
4,0,0,0
5,0,0,0
4,0,0,0
3,0,0,0
3,0,0,0
2,0,0,0
4,0,0,0
3,0,0,0
3,0,0,0
3,0,0,0
2,0,0,0
4,0,0,0
3,0,0,0
3,0,0,0
3,0,0,0
2,0,0,0
3,0,0,0
2,0,0,0
3,0,0,0
1,0,0,0
-4,128,64,32
-4,128,64,32
-5,128,64,32
-4,128,64,32
-4,128,64,32
-4,128,64,32
-9,128,64,32
-5,128,64,32
-4,128,64,32
-5,128,64,32
0,0,0,0
4,0,0,0
2,0,0,0
4,0,0,0
3,0,0,0
2,0,0,0
3,0,0,0
3,0,0,0
3,0,0,0
-4,128,64,32
-26,128,64,32
-56,128,64,32
-84,128,64,32
-87,128,64,32
-44,128,64,32
11,0,0,0
42,0,0,0
44,0,0,0
30,0,0,0
15,0,0,0
8,0,0,0
5,0,0,0
4,0,0,0
5,0,0,0
4,0,0,0
0,0,0,0
-3,128,64,32
-4,128,64,32
-4,128,64,32
-4,128,64,32
-4,128,64,32
-4,128,64,32
-3,128,64,32
-4,128,64,32
-11,128,64,32
-11,128,64,32
-10,128,64,32
-11,128,64,32
-11,128,64,32
-18,128,64,32
-19,128,64,32
-18,128,64,32
-19,128,64,32
-14,128,64,32
-11,128,64,32
-11,128,64,32
-9,128,64,32
-4,128,64,32
-3,128,64,32
2,0,0,0
4,0,0,0
4,0,0,0
4,0,0,0
4,0,0,0
4,0,0,0
4,0,0,0
3,0,0,0
3,0,0,0
5,0,0,0
4,0,0,0
4,0,0,0
4,0,0,0
4,0,0,0
5,0,0,0
4,0,0,0
4,0,0,0
4,0,0,0
4,0,0,0
5,0,0,0
4,0,0,0
4,0,0,0
4,0,0,0
4,0,0,0
4,0,0,0
4,0,0,0
5,0,0,0
4,0,0,0
4,0,0,0
4,0,0,0
4,0,0,0
4,0,0,0
4,0,0,0
4,0,0,0
4,0,0,0
4,0,0,0
4,0,0,0
4,0,0,0
4,0,0,0
5,0,0,0
4,0,0,0
4,0,0,0
4,0,0,0
5,0,0,0
4,0,0,0
4,0,0,0
4,0,0,0
3,0,0,0
4,0,0,0
5,0,0,0
3,0,0,0
3,0,0,0
3,0,0,0
3,0,0,0
3,0,0,0
3,0,0,0
3,0,0,0
3,0,0,0
3,0,0,0
3,0,0,0
3,0,0,0
3,0,0,0
3,0,0,0
3,0,0,0
4,0,0,0
-2,128,64,32
-4,128,64,32
-5,128,64,32
-4,128,64,32
-4,128,64,32
-4,128,64,32
-5,128,64,32
-9,128,64,32
-4,128,64,32
-4,128,64,32
-4,128,64,32
2,0,0,0
2,0,0,0
3,0,0,0
3,0,0,0
3,0,0,0
3,0,0,0
3,0,0,0
2,0,0,0
2,0,0,0
-9,128,64,32
-35,128,64,32
-65,128,64,32
-91,128,64,32
-75,128,64,32
-24,128,64,32
25,0,0,0
47,0,0,0
38,0,0,0
23,0,0,0
12,0,0,0
4,0,0,0
4,0,0,0
5,0,0,0
3,0,0,0
3,0,0,0
-3,128,64,32
-4,128,64,32
-3,128,64,32
-4,128,64,32
-4,128,64,32
-4,128,64,32
-4,128,64,32
-3,128,64,32
-6,128,64,32
-11,128,64,32
-10,128,64,32
-11,128,64,32
-11,128,64,32
-12,128,64,32
-19,128,64,32
-18,128,64,32
-19,128,64,32
-18,128,64,32
-11,128,64,32
-11,128,64,32
-11,128,64,32
-7,128,64,32
-4,128,64,32
-3,128,64,32
4,0,0,0
4,0,0,0
4,0,0,0
4,0,0,0
4,0,0,0
4,0,0,0
4,0,0,0
4,0,0,0
5,0,0,0
3,0,0,0
4,0,0,0
4,0,0,0
4,0,0,0
5,0,0,0
3,0,0,0
4,0,0,0
4,0,0,0
4,0,0,0
5,0,0,0
4,0,0,0
4,0,0,0
5,0,0,0
4,0,0,0
4,0,0,0
4,0,0,0
4,0,0,0
4,0,0,0
4,0,0,0
4,0,0,0
4,0,0,0
4,0,0,0
4,0,0,0
4,0,0,0
5,0,0,0
4,0,0,0
4,0,0,0
4,0,0,0
4,0,0,0
4,0,0,0
3,0,0,0
4,0,0,0
4,0,0,0
4,0,0,0
4,0,0,0
4,0,0,0
4,0,0,0
4,0,0,0
5,0,0,0
4,0,0,0
3,0,0,0
3,0,0,0
3,0,0,0
3,0,0,0
3,0,0,0
2,0,0,0
2,0,0,0
3,0,0,0
3,0,0,0
3,0,0,0
3,0,0,0
3,0,0,0
3,0,0,0
3,0,0,0
3,0,0,0
3,0,0,0
-5,128,64,32
-4,128,64,32
-4,128,64,32
-4,128,64,32
-5,128,64,32
-5,128,64,32
-8,128,64,32
-7,128,64,32
-5,128,64,32
-5,128,64,32
-3,128,64,32
3,0,0,0
3,0,0,0
3,0,0,0
3,0,0,0
3,0,0,0
4,0,0,0
3,0,0,0
3,0,0,0
-1,128,64,32
-16,128,64,32
-46,128,64,32
-76,128,64,32
-91,128,64,32
-60,128,64,32
-5,128,64,32
36,0,0,0
47,0,0,0
34,0,0,0
18,0,0,0
10,0,0,0
4,0,0,0
4,0,0,0
4,0,0,0
3,0,0,0
2,0,0,0
-3,128,64,32
-4,128,64,32
-4,128,64,32
-4,128,64,32
-3,128,64,32
-3,128,64,32
-4,128,64,32
-3,128,64,32
-10,128,64,32
-11,128,64,32
-11,128,64,32
-11,128,64,32
-11,128,64,32
-16,128,64,32
-19,128,64,32
-18,128,64,32
-19,128,64,32
-16,128,64,32
-12,128,64,32
-11,128,64,32
-11,128,64,32
-5,128,64,32
-3,128,64,32
-1,128,64,32
3,0,0,0
5,0,0,0
4,0,0,0
4,0,0,0
4,0,0,0
4,0,0,0
5,0,0,0
4,0,0,0
4,0,0,0
4,0,0,0
4,0,0,0
5,0,0,0
4,0,0,0
5,0,0,0
4,0,0,0
4,0,0,0
4,0,0,0
4,0,0,0
4,0,0,0
4,0,0,0
3,0,0,0
4,0,0,0
4,0,0,0
5,0,0,0
4,0,0,0
4,0,0,0
4,0,0,0
4,0,0,0
4,0,0,0
4,0,0,0
3,0,0,0
5,0,0,0
4,0,0,0
4,0,0,0
3,0,0,0
4,0,0,0
5,0,0,0
4,0,0,0
4,0,0,0
4,0,0,0
4,0,0,0
5,0,0,0
4,0,0,0
4,0,0,0
4,0,0,0
3,0,0,0
5,0,0,0
4,0,0,0
4,0,0,0
4,0,0,0
3,0,0,0
4,0,0,0
3,0,0,0
3,0,0,0
3,0,0,0
2,0,0,0
4,0,0,0
3,0,0,0
3,0,0,0
3,0,0,0
2,0,0,0
4,0,0,0
3,0,0,0
3,0,0,0
0,0,0,0
-4,128,64,32
-4,128,64,32
-4,128,64,32
-4,128,64,32
-5,128,64,32
-5,128,64,32
-9,128,64,32
-5,128,64,32
-4,128,64,32
-5,128,64,32
0,0,0,0
4,0,0,0
2,0,0,0
3,0,0,0
3,0,0,0
2,0,0,0
4,0,0,0
3,0,0,0
3,0,0,0
-4,128,64,32
-26,128,64,32
-56,128,64,32
-86,128,64,32
-86,128,64,32
-41,128,64,32
12,0,0,0
44,0,0,0
44,0,0,0
28,0,0,0
14,0,0,0
7,0,0,0
3,0,0,0
4,0,0,0
4,0,0,0
4,0,0,0
-1,128,64,32
-4,128,64,32
-3,128,64,32
-3,128,64,32
-3,128,64,32
-4,128,64,32
-4,128,64,32
-3,128,64,32
-4,128,64,32
-11,128,64,32
-11,128,64,32
-11,128,64,32
-11,128,64,32
-11,128,64,32
-18,128,64,32
-19,128,64,32
-19,128,64,32
-18,128,64,32
-14,128,64,32
-11,128,64,32
-11,128,64,32
-10,128,64,32
-3,128,64,32
-3,128,64,32
2,0,0,0
4,0,0,0
4,0,0,0
4,0,0,0
5,0,0,0
4,0,0,0
5,0,0,0
4,0,0,0
4,0,0,0
4,0,0,0
4,0,0,0
4,0,0,0
4,0,0,0
3,0,0,0
4,0,0,0
4,0,0,0
4,0,0,0
4,0,0,0
4,0,0,0
4,0,0,0
4,0,0,0
4,0,0,0
3,0,0,0
4,0,0,0
5,0,0,0
4,0,0,0
4,0,0,0
3,0,0,0
4,0,0,0
4,0,0,0
3,0,0,0
4,0,0,0
3,0,0,0
4,0,0,0
4,0,0,0
4,0,0,0
4,0,0,0
4,0,0,0
3,0,0,0
4,0,0,0
4,0,0,0
4,0,0,0
4,0,0,0
4,0,0,0
4,0,0,0
4,0,0,0
4,0,0,0
4,0,0,0
4,0,0,0
4,0,0,0
4,0,0,0
4,0,0,0
4,0,0,0
4,0,0,0
4,0,0,0
3,0,0,0
4,0,0,0
3,0,0,0
2,0,0,0
3,0,0,0
3,0,0,0
3,0,0,0
3,0,0,0
2,0,0,0
3,0,0,0
-1,128,64,32
-5,128,64,32
-5,128,64,32
-3,128,64,32
-4,128,64,32
-5,128,64,32
-6,128,64,32
-10,128,64,32
-5,128,64,32
-4,128,64,32
-5,128,64,32
2,0,0,0
3,0,0,0
2,0,0,0
3,0,0,0
3,0,0,0
3,0,0,0
3,0,0,0
2,0,0,0
2,0,0,0
-10,128,64,32
-37,128,64,32
-66,128,64,32
-92,128,64,32
-74,128,64,32
-22,128,64,32
234,0,0,0
